INTEGER: 1INTEGER: 1
FLOAT: 360.00000000FLOAT: 0.40000001


INTEGER: 1INTEGER: 1
FLOAT: 360.00000000FLOAT: 0.40000001








